ID	SEX	OCC	AGE	POB	HOURS	TERMS	COLLEGE	EARNMO	TOTEAR	COLYR	BOARD	DEP	PERIOD	BENESOC	INSUR	SAVINGS	IFDEBT	WHYDEBT	TEXTBK	OWNHM
1	1	1	30	10	6.00	15	2	50.00	127.50	-9.00	10.00	3	4	-9	2	-9	-9	-9	2	-9
2	1	3	33	10	4.00	24	2	112.00	1220.00	600.00	18.00	1	4	2	-9	2	-9	-9	2	2
3	1	1	33	10	6.00	12	-9	34.00	500.00	200.00	-9.00	4	4	2	2	2	-9	-9	2	-9
4	1	3	28	10	6.00	9	2	100.00	900.00	500.00	-9.00	2	4	-9	4	2	-9	-9	2	2
5	1	1	19	10	6.00	2	-9	33.33	100.00	150.00	10.00	1	4	-9	-9	-9	2	-9	2	-9
6	1	1	34	10	6.00	19	-9	30.00	175.00	-9.00	-9.00	3	4	-9	-9	2	-9	-9	2	2
7	1	1	38	10	6.00	19	-9	30.00	-9.00	240.00	12.00	6	4	-9	-9	-9	-9	-9	2	2
8	1	1	26	10	6.00	12	2	75.00	617.50	400.00	16.00	1	4	-9	-9	2	-9	-9	1	-9
9	1	1	21	10	6.00	-8	-9	34.50	-9.00	250.00	8.00	-9	4	-9	-9	-9	-9	-9	2	-9
10	1	1	22	10	6.00	2	-9	33.00	300.00	300.00	12.00	1	4	-9	-9	-9	-9	-9	2	-9
11	1	1	23	10	6.50	2	-9	40.00	150.00	50.00	8.00	3	4	-9	-9	2	-9	-9	2	-9
12	1	1	26	10	7.00	1	2	31.00	-9.00	300.00	-9.00	2	4	-9	-9	-9	-9	-9	2	-9
13	1	2	23	10	6.00	3	2	100.00	-9.00	-9.00	-9.00	3	4	-9	-9	-9	-9	-9	4	-9
14	1	1	20	10	6.00	2	-9	31.50	150.00	75.00	10.00	-9	4	2	-9	2	-9	-9	2	-9
15	1	1	35	10	6.00	35	-9	70.00	680.00	500.00	-9.00	3	4	2	2	2	-9	-9	1	-9
16	1	1	23	10	6.00	3	2	35.00	390.00	120.00	10.00	-9	4	-9	-9	-9	2	-9	1	-9
17	1	1	35	10	6.00	40	-9	65.00	650.00	250.00	25.00	2	4	-9	-9	-9	-9	-9	2	-9
18	1	1	29	10	6.00	17	-9	40.00	275.00	275.00	12.50	1	4	2	-9	2	-9	-9	2	2
19	1	1	24	10	7.00	11	-9	45.00	495.00	-9.00	11.00	-9	4	-9	-9	2	-9	-9	2	-9
20	1	1	19	10	8.00	14	-9	35.00	-9.00	-9.00	18.00	-9	4	-9	-9	-9	-9	-9	1	-9
21	1	1	25	10	6.00	18	2	60.00	650.00	285.00	15.00	3	4	2	2	2	-9	-9	4	-9
22	1	1	26	10	6.00	6	-9	33.00	300.00	-9.00	8.00	-9	4	2	-9	-9	-9	-9	2	-9
23	1	2	44	3	6.00	6	2	100.00	-9.00	-9.00	-9.00	3	4	2	2	2	-9	-9	1	-9
24	1	1	30	10	7.00	15	-9	30.00	240.00	155.00	10.00	4	4	-9	-9	2	-9	-9	2	2
25	1	1	35	10	6.00	14	-9	45.00	400.00	300.00	12.00	3	4	-9	-9	2	-9	-9	2	2
26	1	1	20	10	6.00	2	-9	31.25	120.00	-9.00	-9.00	-9	4	-9	-9	2	-9	-9	2	-9
27	1	3	38	10	8.00	39	2	133.33	-9.00	-9.00	-9.00	1	4	-9	3	2	2	7	1	2
28	1	1	25	10	6.00	8	-9	40.00	300.00	125.00	12.00	-9	4	2	-9	2	-9	-9	2	-9
29	1	1	23	10	6.00	8	-9	30.00	400.00	-9.00	10.00	1	4	-9	-9	2	-9	-9	1	-9
30	1	1	33	10	6.00	17	-9	32.00	160.00	-9.00	9.00	2	4	-9	1	2	-9	-9	2	2
31	1	1	47	10	8.00	18	-9	32.50	250.00	200.00	10.00	8	4	-9	1	2	2	4	2	2
32	1	1	27	10	7.00	14	-9	45.00	450.00	250.00	9.00	5	4	2	-9	2	-9	-9	2	2
33	1	1	20	10	6.00	4	-9	29.50	244.00	224.00	12.00	-9	4	-9	-9	2	-9	-9	2	-9
34	1	1	24	10	6.00	11	2	45.00	90.00	200.00	11.00	2	4	-9	-9	2	2	2	2	-9
35	1	2	38	10	6.00	30	2	160.00	1450.00	1200.00	6.00	6	4	-9	3	2	-9	-9	2	2
36	1	1	18	10	6.00	-8	-9	40.00	-9.00	-9.00	-9.00	-9	4	-9	-9	2	-9	-9	2	-9
37	1	1	20	10	7.00	2	-9	35.00	190.50	140.50	8.00	-9	4	-9	-9	2	-9	-9	2	-9
38	1	1	33	10	7.00	15	-9	37.50	356.00	-9.00	14.00	4	4	-9	1	2	2	1	2	2
39	1	1	21	10	6.00	1	-9	35.00	140.00	105.00	11.00	1	4	-9	-9	2	-9	-9	2	-9
40	1	1	25	10	6.00	11	-9	65.00	450.00	400.00	15.00	1	4	-9	-9	-9	-9	-9	1	-9
41	1	1	21	10	6.00	5	-9	35.00	300.00	150.00	16.67	-9	4	-9	-9	2	-9	-9	2	2
42	1	1	27	10	6.00	3	-9	30.00	-9.00	120.00	10.00	-9	4	-9	-9	2	-9	-9	2	-9
43	1	1	38	9	6.00	42	-9	45.00	390.00	390.00	-9.00	2	4	-9	1	-9	-9	-9	2	2
44	1	1	19	10	6.00	3	-9	32.50	300.00	150.00	9.00	-9	4	-9	-9	2	-9	-9	2	-9
45	1	1	40	10	6.00	17	-9	31.50	200.00	225.00	-9.00	6	4	2	2	2	2	-9	2	2
46	1	1	57	10	6.00	12	-9	33.00	280.00	400.00	11.00	2	4	-9	-9	2	2	-9	1	2
47	1	1	53	10	6.00	15	-9	40.00	220.00	-9.00	-9.00	3	4	2	-9	2	2	4	1	2
48	1	1	22	10	9.00	2	-9	30.00	-9.00	-9.00	14.00	1	4	-9	-9	2	-9	-9	1	-9
49	1	1	28	10	6.00	7	-9	40.00	-9.00	-9.00	-9.00	2	4	-9	-9	2	-9	-9	2	2
50	1	1	21	10	7.00	5	-9	35.00	302.00	237.00	15.00	-9	4	-9	-9	2	-9	-9	2	-9
51	1	2	62	10	6.00	84	-9	150.00	1500.00	1200.00	-9.00	6	4	2	3	2	-9	-9	1	2
52	1	1	30	10	7.00	9	-9	35.00	340.00	300.00	10.00	3	4	-9	-9	2	2	-9	2	-9
53	1	1	23	10	8.00	2	-9	30.00	-9.00	100.00	-9.00	3	4	-9	-9	2	-9	-9	2	-9
54	1	1	26	10	6.00	13	-9	30.00	100.00	80.00	10.00	-9	2	-9	-9	2	2	-9	2	-9
55	1	1	27	10	6.00	3	-9	33.33	-9.00	-9.00	-9.00	-9	4	-9	-9	2	-9	-9	2	-9
56	1	1	26	10	6.00	14	-9	35.00	245.00	200.00	10.00	1	4	-9	-9	2	-9	-9	1	-9
57	1	1	24	5	6.00	2	-9	35.00	200.00	75.00	9.00	-9	2	-9	-9	2	-9	-9	2	-9
58	1	1	20	10	7.00	1	-9	27.00	300.00	275.00	-9.00	3	2	-9	-9	2	-9	-9	2	-9
59	1	1	22	10	6.00	2	-9	40.00	-9.00	-9.00	10.00	-9	4	-9	-9	2	-9	-9	4	-9
60	1	1	53	10	6.00	45	-9	30.00	120.00	300.00	6.00	1	4	2	2	2	-9	-9	2	-9
61	1	1	27	10	6.00	8	2	70.00	-9.00	300.00	20.00	-9	4	-9	-9	2	-9	-9	2	-9
62	1	1	23	10	6.00	6	-9	30.00	120.00	100.00	10.00	-9	4	-9	-9	2	-9	-9	2	-9
63	1	1	19	10	6.00	1	2	32.00	-9.00	-9.00	-9.00	-9	4	-9	-9	-9	-9	-9	1	-9
64	1	1	27	10	7.00	6	-9	35.00	275.00	120.00	10.00	10	4	-9	-9	2	-9	-9	1	2
65	1	1	19	10	8.00	2	-9	38.00	77.00	-9.00	-9.00	-9	4	-9	-9	-9	-9	-9	1	-9
66	1	1	28	10	6.00	10	-9	40.00	200.00	115.00	12.00	-9	4	-9	-9	-9	-9	-9	2	-9
67	1	1	24	10	6.00	4	-9	37.50	305.00	200.00	12.50	1	4	2	1	2	-9	-9	2	-9
68	1	1	24	10	6.00	3	-9	-9.00	196.00	91.00	8.00	-9	2	-9	-9	2	-9	-9	2	-9
69	1	1	18	10	7.00	3	-9	40.00	275.00	175.00	12.00	-9	4	-9	-9	2	-9	-9	2	-9
70	1	1	26	10	7.00	9	-9	30.00	200.00	150.00	-9.00	2	4	-9	-9	2	-9	-9	1	-9
71	1	1	30	10	6.00	17	2	65.00	550.00	450.00	-9.00	3	3	-9	-9	2	2	-9	2	2
72	1	1	29	10	6.00	9	-9	35.00	650.00	300.00	12.00	-9	4	-9	-9	2	-9	-9	2	2
73	1	1	34	10	6.00	10	2	40.00	150.00	-9.00	-8.00	3	4	-9	1	2	-9	-9	2	-9
74	1	1	36	1	6.00	10	-9	40.00	210.00	350.00	-9.00	-9	4	-9	-9	2	-9	-9	1	2
75	1	2	42	10	6.00	30	2	100.00	1200.00	900.00	-9.00	3	4	-9	3	2	-9	-9	1	2
76	1	2	47	10	10.00	50	2	144.44	1300.00	900.00	20.00	2	4	-9	2	-9	-9	-9	1	-9
77	1	1	20	10	6.00	3	-9	30.00	225.00	160.00	9.00	5	4	2	-9	-9	-9	-9	-9	-9
78	1	1	21	10	6.00	3	-9	32.50	250.00	250.00	12.00	8	4	2	-9	2	-9	-9	2	-9
79	1	1	25	10	6.00	10	2	45.00	180.00	180.00	8.50	6	4	-9	-9	2	-9	-9	1	2
80	1	1	27	10	6.00	21	-9	40.00	335.00	160.00	11.00	-9	4	-9	-9	-9	2	4	2	2
81	1	1	29	10	6.00	17	2	30.00	-9.00	350.00	8.00	-9	4	-9	-9	2	-9	-9	1	-9
82	1	1	19	10	6.00	-8	-9	33.00	300.00	100.00	12.00	3	4	-9	-9	2	-9	-9	2	-9
83	1	1	20	3	8.00	-8	-9	30.00	-9.00	-9.00	-8.00	4	4	-9	1	-9	2	-9	2	-9
84	1	1	25	10	9.00	2	-9	35.00	300.00	120.00	10.00	-9	4	-9	-9	-9	-9	-9	2	2
85	1	2	50	10	10.00	48	-9	92.00	1100.00	1100.00	-9.00	5	4	2	1	2	2	-9	2	2
86	1	1	39	5	6.00	35	2	35.00	162.00	-9.00	-9.00	3	4	-9	-9	2	-9	-9	1	-9
87	1	1	22	10	6.00	1	-9	28.00	-9.00	100.00	10.00	-9	2	-9	3	2	-9	-9	2	-9
88	1	1	28	10	6.00	10	-9	35.00	-9.00	-9.00	-9.00	4	4	-9	2	-9	-9	-9	2	-9
89	1	1	23	10	6.00	-8	-9	35.00	-9.00	-9.00	-9.00	-9	4	-9	-9	-9	-9	-9	2	2
90	1	1	28	10	6.00	3	-9	33.33	375.00	-9.00	8.00	3	5	-9	-9	2	-9	-9	2	-9
91	1	1	23	10	6.00	6	-9	38.00	150.00	-9.00	8.00	-9	4	-9	-9	-9	2	-9	2	2
92	1	2	60	10	6.00	68	2	90.00	900.00	-9.00	-9.00	5	4	2	3	2	-9	-9	1	-9
93	1	1	26	10	7.00	2	-9	40.00	200.00	130.00	14.00	-9	4	-9	-9	2	2	-9	2	-9
94	1	1	19	10	7.00	-8	-9	32.00	200.00	190.00	12.00	1	4	-9	2	-9	2	-9	2	2
95	1	1	32	8	7.00	18	-9	50.00	600.00	400.00	-9.00	6	4	2	2	2	-9	-9	2	-9
96	1	2	34	10	6.00	9	2	100.00	1300.00	-9.00	-9.00	4	4	-9	-9	-9	-9	-9	2	-9
97	1	1	30	10	7.00	18	-9	35.00	300.00	-9.00	10.00	-9	4	2	-9	-9	-9	-9	2	-9
98	1	1	22	10	6.00	-8	-9	30.00	-9.00	-9.00	-9.00	9	4	-9	-9	2	-9	-9	2	-9
99	1	1	27	10	7.00	10	2	75.00	675.00	225.00	15.00	-9	5	2	-9	-9	-9	-9	1	2
100	1	3	32	3	6.00	34	-9	105.00	1025.00	600.00	-9.00	4	4	2	3	2	-9	-9	2	-9
101	1	1	21	10	6.00	3	-9	35.00	325.00	130.00	10.00	-9	5	-9	-9	-9	-9	-9	2	-9
102	1	1	26	10	6.00	8	-9	40.00	-9.00	300.00	10.00	4	4	-9	-9	-9	2	-9	2	-9
103	1	1	25	10	6.00	10	2	60.00	540.00	175.00	14.00	-9	4	-9	-9	2	-9	-9	2	-9
104	1	1	25	10	8.00	8	-9	-9.00	-9.00	160.00	12.00	-9	4	-9	-9	2	-9	-9	1	2
105	1	1	18	10	6.00	2	-9	37.00	175.00	-9.00	10.00	-9	4	-9	-9	2	-9	-9	1	2
106	1	1	26	10	8.00	7	2	75.00	500.00	300.00	16.00	1	4	-9	3	2	-9	-9	1	2
107	1	1	26	10	6.00	10	-9	45.00	-9.00	150.00	12.00	1	4	-9	-9	2	-9	-9	1	-9
108	1	2	48	10	6.00	40	2	110.00	1300.00	-9.00	-9.00	9	4	-9	3	-9	-9	-9	2	-9
109	1	1	24	10	6.00	1	-9	35.00	100.00	400.00	10.00	2	4	-9	-9	-9	2	-9	2	-9
110	1	1	24	10	6.00	3	-9	35.00	200.00	150.00	10.00	-9	4	-9	-9	2	-9	-9	4	2
111	1	1	23	10	6.00	6	-9	30.00	175.00	125.00	10.00	-9	2	-9	-9	2	-9	-9	2	2
112	1	3	30	10	6.00	12	2	100.00	1000.00	400.00	18.00	-9	4	2	3	2	-9	-9	1	-9
113	1	1	29	10	6.00	12	2	50.00	350.00	215.00	13.00	-9	4	-9	-9	2	-9	-9	2	-9
114	1	1	34	10	6.00	17	-9	37.50	200.00	-9.00	-9.00	-9	4	-9	1	2	-9	-9	2	-9
115	1	1	24	10	6.00	13	-9	45.00	405.00	200.00	15.00	2	4	-9	-9	2	-9	-9	2	-9
116	1	2	29	10	6.00	14	2	100.00	940.00	846.00	-9.00	3	4	-9	1	2	-9	-9	-9	-9
117	1	1	22	10	6.00	5	-9	32.50	200.00	100.00	11.33	-9	4	-9	1	2	-9	-9	2	-9
118	1	1	19	10	8.00	-8	2	35.00	-9.00	-9.00	20.00	-9	4	-9	3	-9	-9	-9	2	-9
119	1	1	24	10	7.00	9	-9	70.00	600.00	350.00	13.00	3	4	2	1	2	-9	-9	2	-9
120	1	1	56	10	6.00	46	2	55.00	550.00	-9.00	-9.00	5	4	-9	-9	-9	-9	-9	4	2
121	1	1	21	10	6.00	7	2	60.00	500.00	500.00	14.00	-9	4	2	-9	-9	-9	-9	1	-9
122	1	1	24	10	6.00	1	2	55.00	125.00	200.00	20.00	-9	4	-9	-9	2	-9	-9	1	-9
123	1	1	26	10	6.00	7	-9	80.00	760.00	500.00	16.00	2	4	-9	-9	2	-9	-9	1	-9
124	1	1	24	10	6.00	8	-9	45.00	310.00	125.00	-9.00	-9	4	-9	-9	2	-9	-9	1	-9
125	1	1	37	1	6.00	14	-9	33.00	80.00	100.00	10.00	-9	2	-9	-9	2	-9	-9	1	2
126	1	1	34	3	6.00	17	-9	30.00	270.00	700.00	16.00	4	5	-9	1	2	-9	-9	1	2
127	1	1	26	10	6.00	16	2	60.00	540.00	350.00	30.00	-9	4	-9	-9	-9	-9	-9	4	-9
128	1	1	20	10	6.00	3	-9	40.00	325.00	225.00	14.00	-9	4	-9	-9	2	-9	-9	2	-9
129	1	1	23	10	6.00	10	-9	50.00	475.00	350.00	17.00	-9	4	-9	-9	2	-9	-9	1	-9
130	1	1	30	10	6.00	25	-9	65.00	650.00	500.00	-9.00	2	4	-9	2	2	-9	-9	2	2
131	1	3	27	10	9.00	19	2	125.00	1500.00	700.00	16.00	1	4	2	2	2	-9	-9	1	-9
132	1	1	20	10	6.00	2	-9	19.00	-9.00	-9.00	11.00	-9	4	-9	-9	-9	-9	-9	1	-9
133	1	1	20	10	6.00	4	-9	35.00	157.00	-9.00	8.00	-9	4	-9	-9	2	-9	-9	2	-9
134	1	1	19	10	6.00	-8	-9	30.00	-9.00	200.00	10.00	-9	4	-9	-9	-9	-9	-9	1	-9
135	1	1	23	10	6.00	2	-9	30.00	-9.00	120.00	10.00	-9	5	-9	-9	2	-9	-9	2	-9
136	1	1	33	10	6.00	27	-9	65.00	585.00	300.00	14.00	2	5	-9	-9	2	2	5	2	2
137	1	1	21	10	7.00	-8	2	25.00	-9.00	300.00	10.00	-9	2	-9	-9	-9	-9	-9	2	-9
138	1	1	22	10	6.00	5	-9	28.50	275.00	75.00	-9.00	-9	4	-9	-9	2	-9	-9	2	-9
139	1	1	23	10	8.00	6	-9	35.00	375.00	240.00	12.00	-9	4	-9	-9	2	2	-9	3	-9
140	1	1	22	10	8.00	2	-9	35.00	-9.00	-9.00	-9.00	-9	4	-9	-9	-9	-9	-9	2	-9
141	1	1	32	10	6.00	10	-9	40.00	400.00	-9.00	10.00	4	4	-9	1	2	-9	-9	2	2
142	1	2	31	10	6.00	30	2	100.00	1000.00	600.00	16.00	-9	4	-9	-9	2	-9	-9	2	-9
143	1	1	23	10	7.00	3	-9	39.00	-9.00	-9.00	8.00	-9	2	-9	-9	2	-9	-9	2	-9
144	1	1	21	10	6.00	1	-9	30.00	75.00	-9.00	-9.00	-9	4	-9	-9	-9	2	3	2	-9
145	1	1	38	10	6.00	38	-9	50.00	400.00	150.00	12.50	-9	5	-9	-9	2	-9	-9	1	2
146	1	1	25	10	6.00	6	-9	40.00	280.00	175.00	10.00	2	5	-9	-9	2	2	6	2	-9
147	1	1	38	10	6.00	8	-9	30.00	-9.00	-9.00	8.00	-9	2	-9	2	2	2	-9	1	-9
148	1	1	25	10	7.00	7	2	30.00	270.00	60.00	-9.00	-9	4	-9	-9	-9	-9	-9	2	-9
149	1	1	22	10	6.00	1	-9	30.00	-9.00	-9.00	12.00	-9	5	-9	-9	2	2	4	2	-9
150	1	1	49	4	6.00	51	2	40.00	450.00	582.00	12.00	10	4	2	2	2	2	-9	1	-9
151	1	1	23	10	6.00	6	-9	45.00	405.00	225.00	-9.00	1	4	-9	-9	-9	-9	-9	1	-9
152	1	1	20	10	7.00	2	-9	30.00	240.00	150.00	10.00	5	4	-9	-9	-9	-9	-9	1	-9
153	1	1	43	10	6.00	18	-9	35.00	-9.00	350.00	10.00	5	4	2	-9	-9	2	-9	4	2
154	1	1	24	10	7.00	8	-9	31.00	282.00	180.00	8.00	-9	4	-9	-9	2	-9	-9	-9	-9
155	1	1	21	10	6.00	3	-9	30.00	225.00	-9.00	10.00	-9	2	-9	-9	2	-9	-9	2	-9
156	1	1	46	3	6.00	48	2	50.00	500.00	500.00	-9.00	2	4	2	2	-9	-9	-9	2	-9
157	1	1	26	10	6.00	5	-9	35.00	300.00	150.00	8.00	-9	4	-9	-9	2	2	-9	2	2
158	1	1	22	10	6.00	4	2	50.00	500.00	372.00	16.00	2	4	-9	-9	2	-9	-9	1	2
159	1	1	26	10	6.00	12	2	75.00	-9.00	400.00	20.00	1	4	-9	2	-9	-9	-9	1	-9
160	1	2	35	10	6.00	39	-9	133.00	1175.00	450.00	32.00	2	4	-9	2	2	-9	-9	1	-9
161	1	1	31	10	7.00	10	-9	45.00	340.00	168.00	13.00	-9	4	-9	-9	2	-9	-9	2	-9
162	1	1	40	2	6.00	5	-9	33.00	400.00	400.00	-8.00	10	4	-9	-9	2	-9	-9	2	2
163	1	1	24	10	5.50	3	-9	30.00	-9.00	-9.00	10.00	3	4	-9	-9	2	-9	-9	2	-9
164	1	1	22	10	7.00	3	-9	33.33	160.00	-9.00	-8.00	-9	4	-9	-9	2	-9	-9	2	-9
165	1	1	32	10	6.00	15	-9	35.00	260.00	300.00	10.00	4	4	2	4	2	-9	-9	2	-9
166	1	1	30	5	6.00	12	-9	35.00	-9.00	200.00	12.00	-9	4	-9	-9	2	-9	-9	2	-9
167	1	1	34	10	6.00	15	-9	35.00	-9.00	240.00	12.00	3	4	-9	1	2	2	-9	2	2
168	1	1	22	10	6.00	-8	-9	35.00	-9.00	150.00	-9.00	-9	4	-9	-9	-9	-9	-9	2	-9
169	1	1	28	10	6.00	6	-9	35.00	300.00	125.00	9.00	-9	4	-9	-9	2	-9	-9	2	-9
170	1	1	25	10	7.00	-8	-9	30.00	225.00	190.00	10.00	-9	4	2	-9	2	-9	-9	2	2
171	1	1	23	10	7.00	1	-9	30.00	-9.00	-9.00	10.00	-9	2	-9	-9	-9	-9	-9	2	-9
172	1	1	19	10	6.00	2	-9	30.00	190.00	-9.00	10.00	-9	2	-9	-9	-9	-9	-9	2	-9
173	1	1	29	10	10.00	24	2	50.00	500.00	250.00	13.00	1	4	-9	-9	2	-9	-9	1	-9
174	1	1	27	10	6.00	6	-9	35.00	-9.00	-9.00	-9.00	3	4	-9	1	2	-9	-9	2	2
175	1	1	44	10	6.00	-9	-9	35.00	-9.00	-9.00	-9.00	6	4	2	3	2	-9	-9	1	2
176	1	1	20	10	6.00	3	-9	30.00	275.00	105.00	8.00	3	4	-9	-9	-9	2	-9	2	-9
177	1	1	22	10	6.00	-8	-9	33.33	-9.00	-9.00	-8.00	-9	4	-9	-9	2	-9	-9	1	-9
178	1	1	21	10	6.00	5	2	40.00	400.00	200.00	10.00	-9	5	-9	-9	2	-9	-9	2	-9
179	1	1	21	10	6.00	4	-9	35.00	200.00	100.00	8.00	-9	2	-9	-9	2	-9	-9	2	-9
180	1	1	20	10	7.00	1	-9	25.00	-9.00	-9.00	4.00	-9	2	-9	-9	-9	-9	-9	2	-9
181	1	1	28	10	6.00	10	-9	30.00	120.00	-9.00	-8.00	-9	3	-9	-9	-9	-9	-9	2	-9
182	2	1	19	10	6.00	1	-9	30.00	60.00	-9.00	-8.00	2	4	-9	1	-9	-9	-9	2	-9
183	2	1	20	10	6.00	2	-9	30.00	120.00	-9.00	7.00	-9	4	-9	-9	-9	-9	-9	4	-9
184	2	1	25	10	6.00	1	-9	30.00	-9.00	-9.00	-8.00	-9	4	-9	-9	-9	-9	-9	2	-9
185	2	1	22	10	6.00	9	-9	30.00	240.00	140.00	8.00	-9	5	-9	-9	2	-9	-9	2	-9
186	2	1	34	10	6.00	19	-9	35.00	190.00	-9.00	5.00	3	4	-9	-9	2	-9	-9	-9	2
187	2	1	21	10	6.00	8	-9	30.00	270.00	-9.00	9.00	-9	4	2	-9	2	2	-9	2	-9
188	2	1	18	10	6.00	1	-9	27.00	54.00	96.00	8.00	-9	4	-9	-9	-9	2	-9	2	-9
189	2	1	26	10	6.00	15	-9	35.00	400.00	200.00	10.00	3	4	-9	-9	2	-9	-9	2	2
190	2	1	20	10	7.00	5	-9	30.00	234.00	64.00	-9.00	8	4	-9	-9	2	-9	-9	2	-9
191	2	1	25	10	6.00	11	-9	30.00	275.00	150.00	8.00	-9	2	-9	-9	2	-9	-9	2	-9
192	2	1	27	10	6.00	18	-9	40.00	320.00	160.00	13.33	-9	4	-9	-9	2	-9	-9	1	-9
193	2	1	20	10	7.00	7	-9	35.00	302.50	-9.00	9.00	7	4	-9	-9	-9	2	-9	2	-9
194	2	1	24	10	6.00	13	-9	30.00	252.50	-9.00	8.00	-9	4	-9	-9	2	-9	-9	2	-9
195	2	1	18	10	6.00	-8	-9	35.00	-9.00	-9.00	10.00	-9	4	-9	-9	-9	-9	-9	2	-9
196	2	1	17	8	6.00	1	-9	29.50	105.75	85.35	8.00	-9	4	-9	-9	-9	-9	-9	1	-9
197	2	1	31	10	6.00	4	-9	37.00	400.00	300.00	-9.00	2	4	-9	1	2	-9	-9	4	2
198	2	1	21	10	6.00	4	2	35.00	297.00	200.00	16.00	-9	4	-9	-9	2	-9	-9	-9	-9
199	2	1	30	10	6.00	13	-9	-9.00	-9.00	-9.00	-9.00	3	2	-9	-9	-9	-9	-9	2	-9
200	2	1	19	10	6.00	3	-9	35.00	187.00	121.00	8.00	-9	4	-9	-9	-9	-9	-9	2	-9
201	2	1	21	10	6.00	5	-9	28.00	196.00	56.00	8.00	-9	4	-9	-9	-9	-9	-9	2	-9
202	2	1	30	10	6.00	7	-9	25.00	-9.00	-9.00	8.00	2	4	-9	-9	-9	-9	-9	2	-9
203	2	1	20	10	6.00	5	-9	25.00	190.00	-9.00	8.00	-9	5	-9	-9	-9	-9	-9	2	-9
204	2	1	21	10	6.00	4	-9	40.00	210.00	140.00	12.00	-9	4	-9	-9	2	-9	-9	2	-9
205	2	1	17	10	6.00	1	-9	35.00	-9.00	-9.00	-9.00	-9	4	-9	-9	2	-9	-9	2	-9
206	2	1	19	10	6.00	2	-9	28.00	84.00	-9.00	8.00	-9	4	-9	-9	-9	-9	-9	2	-9
207	2	1	18	10	6.00	3	-9	30.00	225.00	150.00	10.00	-9	4	-9	-9	-9	-9	-9	2	-9
208	2	1	20	1	6.00	7	-9	31.00	228.00	-9.00	12.00	-9	4	-9	-9	2	-9	-9	2	-9
209	2	1	18	10	7.00	2	-9	18.00	54.00	-9.00	8.00	-9	4	-9	-9	-9	-9	-9	2	-9
210	2	1	19	10	6.00	-9	-9	35.00	275.00	65.00	10.00	-9	4	-9	-9	2	-9	-9	2	-9
211	2	1	23	10	6.00	3	-9	35.00	-9.00	-9.00	-9.00	-9	4	-9	-9	2	-9	-9	2	-9
212	2	1	20	10	6.00	7	-9	35.00	108.00	200.00	9.00	-9	2	-9	-9	-9	2	3	2	-9
213	2	1	19	10	7.00	5	-9	27.50	232.25	-9.00	9.00	-9	4	-9	-9	2	-9	-9	2	-9
214	2	1	34	10	7.00	15	-9	34.00	350.00	250.00	-9.00	2	4	-9	-9	2	-9	-9	4	-9
215	2	1	21	10	6.00	5	-9	30.00	250.00	-9.00	8.00	-9	2	-9	-9	-9	-9	-9	2	-9
216	2	1	20	10	6.00	5	2	37.00	292.00	150.00	8.00	-9	4	-9	-9	-9	-9	-9	2	-9
217	2	1	23	10	7.00	2	-9	35.00	-9.00	-9.00	-9.00	-9	4	-9	-9	2	-9	-9	2	2
218	2	1	27	10	6.00	7	-9	26.00	104.00	-9.00	12.00	-9	4	-9	-9	2	-9	-9	1	-9
219	2	1	28	10	6.00	9	-9	25.00	150.00	-9.00	-9.00	1	5	-9	-9	-9	-9	-9	2	-9
220	2	1	21	10	6.00	5	-9	35.00	120.00	-9.00	8.00	4	2	-9	-9	2	-9	-9	2	-9
221	2	1	28	10	6.00	18	-9	30.00	250.00	125.00	6.00	-9	7	-9	-9	-9	-9	-9	1	-9
222	2	1	18	10	6.00	4	-9	35.00	-9.00	-9.00	10.00	1	5	-9	-9	2	-9	-9	2	-9
223	2	1	20	10	6.00	4	-9	28.30	150.00	-9.00	-8.00	-9	2	-9	-9	2	-9	-9	1	-9
224	2	1	45	10	7.00	38	-9	25.00	87.50	-9.00	8.00	-9	5	-9	3	2	-9	-9	1	2
225	2	1	22	10	6.00	7	-9	33.00	205.00	-9.00	-8.00	-9	1	-9	-9	2	-9	-9	1	-9
226	2	1	31	10	7.00	20	-9	40.00	175.00	75.00	-8.00	-9	4	-9	-9	2	-9	-9	-9	-9
227	2	1	25	10	6.00	18	-9	40.00	225.00	187.00	6.00	-9	4	2	-9	2	-9	-9	2	2
228	2	1	23	7	6.00	15	-9	35.00	315.00	90.00	9.00	-9	4	-9	-9	2	-9	-9	2	-9
229	2	1	22	10	6.00	13	2	40.00	-9.00	275.00	15.00	2	4	-9	-9	2	-9	-9	2	-9
230	2	1	27	10	6.00	12	-9	60.00	600.00	600.00	10.00	2	4	-9	-9	-9	2	-9	1	-9
231	2	1	20	10	6.00	14	-9	35.00	300.00	-9.00	8.00	-9	4	-9	-9	2	-9	-9	4	-9
232	2	1	19	10	7.00	4	-9	29.00	218.00	-9.00	8.00	-9	4	2	-9	-9	2	4	-9	2
233	2	1	19	10	7.50	2	-9	30.00	-9.00	-9.00	-9.00	-9	4	-9	-9	2	-9	-9	2	-9
234	2	1	20	10	6.00	2	-9	35.00	75.00	-9.00	-8.00	-9	4	-9	-9	-9	-9	-9	2	-9
235	2	1	19	10	6.00	1	-9	28.00	56.00	-9.00	8.00	-9	2	-9	-9	2	-9	-9	2	-9
236	2	1	25	10	6.00	12	-9	40.00	400.00	300.00	-9.00	-9	4	-9	-9	2	-9	-9	1	-9
237	2	1	23	10	6.00	14	-9	30.00	223.00	150.00	6.00	-9	4	-9	-9	-9	2	-9	2	-9
238	2	1	20	10	6.00	1	-9	22.00	56.00	20.00	8.00	-9	4	-9	-9	2	-9	-9	2	-9
239	2	1	22	10	6.00	8	-9	25.00	200.00	50.00	6.00	-9	2	-9	-9	2	-9	-9	2	-9
240	2	1	29	10	8.00	17	-9	25.00	500.00	120.00	-9.00	3	6	-9	1	2	2	4	2	2
241	2	1	21	10	6.00	5	-9	30.00	110.00	93.00	8.00	-9	4	-9	-9	-9	-9	-9	2	-9
242	2	1	18	10	6.00	1	-9	31.00	50.00	-9.00	10.00	-9	4	-9	-9	2	-9	-9	2	-9
243	2	1	21	10	6.00	10	2	45.00	405.00	250.00	12.00	-9	4	-9	-9	2	-9	-9	1	-9
244	2	1	22	10	6.00	5	-9	30.00	-9.00	200.00	-9.00	-9	4	-9	-9	2	-9	-9	2	-9
245	2	1	21	10	6.00	5	-9	27.50	176.00	-9.00	5.00	-9	2	-9	-9	2	-9	-9	2	-9
246	2	1	22	10	6.00	8	-9	30.00	225.00	185.00	10.00	-9	4	-9	-9	2	-9	-9	2	-9
247	2	1	22	10	6.00	3	-9	40.00	305.00	-9.00	10.00	-9	4	-9	-9	2	-9	-9	2	-9
248	2	1	41	10	8.00	45	-9	45.00	540.00	350.00	15.00	1	5	-9	1	2	-9	-9	1	2
249	2	1	22	10	6.00	7	-9	32.00	200.00	48.00	7.00	6	4	-9	-9	-8	-9	-9	2	-9
250	2	1	19	10	6.00	2	-9	25.00	79.00	-9.00	6.00	-9	2	-9	-9	-9	-9	-9	2	-9
251	2	3	27	10	-9.00	15	-9	120.00	780.00	400.00	16.00	-9	5	-9	-9	2	-9	-9	1	2
252	2	1	22	10	6.00	12	-9	27.50	62.50	-9.00	8.00	-9	4	-9	-9	2	-9	-9	2	-9
253	2	1	17	10	6.00	1	-9	27.50	-9.00	-9.00	10.00	-9	4	-9	-9	2	-9	-9	-9	-9
254	2	1	24	10	6.00	3	-9	26.00	160.00	74.00	7.00	2	4	-9	-9	2	-9	-9	2	-9
255	2	1	25	10	6.00	18	-9	30.00	170.00	130.00	9.00	-9	4	-9	-9	2	-9	-9	2	-9
256	2	1	22	10	6.00	5	-9	30.00	220.00	70.00	8.00	-9	4	-9	-9	2	-9	-9	1	2
257	2	1	25	10	-9.00	10	-9	35.00	350.00	225.00	10.00	3	4	-9	-9	2	-9	-9	2	-9
258	2	1	22	10	6.00	5	-9	30.00	175.00	-9.00	7.00	-9	2	-9	-9	2	-9	-9	2	-9
259	2	1	43	10	6.00	28	-9	40.00	415.00	253.44	14.00	1	4	-9	1	-9	-9	-9	-9	-9
260	2	1	44	10	6.00	9	-9	35.00	290.00	-9.00	16.00	2	4	-9	-9	2	-9	-9	2	-9
261	2	1	26	10	6.00	10	-9	30.00	226.00	120.00	9.20	-9	4	-9	-9	2	-9	-9	2	-9
262	2	1	23	10	6.00	6	-9	33.00	170.00	-9.00	8.00	-9	4	-9	2	-9	2	-9	1	-9
263	2	1	18	10	6.00	1	2	25.00	-9.00	-9.00	10.00	-9	2	-9	-9	-9	-9	-9	2	-9
264	2	3	45	10	10.00	16	-9	80.00	850.00	600.00	-9.00	2	5	-9	-9	2	-9	-9	4	2
265	2	1	43	10	6.00	40	2	65.00	710.00	500.00	-8.00	3	2	-9	3	2	-9	-9	2	2
266	2	1	38	10	7.00	25	-9	35.00	360.00	-9.00	8.00	-9	2	-9	-9	2	-9	-9	2	-9
267	2	1	26	10	6.00	20	-9	27.50	220.00	200.00	10.00	-9	4	-9	-9	2	-9	-9	2	-9
268	2	1	22	10	6.00	10	-9	30.00	286.00	-9.00	8.00	3	4	-9	-9	-9	-9	-9	-9	-9
269	2	1	20	10	6.00	2	-9	30.00	89.00	-9.00	-8.00	-9	2	-9	-9	-9	-9	-9	2	-9
270	2	1	23	10	6.00	4	-9	24.00	150.00	150.00	8.00	-9	6	-9	-9	2	-9	-9	2	-9
271	2	1	28	10	6.00	20	-9	-9.00	252.00	-9.00	-8.00	-9	4	-9	-9	2	-9	-9	2	-9
272	2	1	19	6	6.00	6	-9	45.00	420.00	420.00	15.00	-9	4	-9	-9	-9	-9	-9	2	-9
273	2	1	20	10	7.00	1	-9	33.33	69.00	-9.00	-9.00	-9	2	-9	-9	2	2	-9	1	-9
274	2	1	18	10	6.00	4	-9	30.00	190.00	200.00	10.00	-9	4	-9	-9	2	-9	-9	2	2
275	2	1	-9	10	8.00	15	-9	40.00	200.00	-9.00	10.00	-9	4	-9	-9	2	-9	-9	-9	-9
276	2	1	23	10	6.00	4	-9	35.00	70.00	-9.00	15.00	-9	4	-9	-9	2	-9	-9	1	-9
277	2	1	22	10	6.00	8	-9	40.00	310.00	90.00	10.00	1	2	-9	-9	-9	-9	-9	1	-9
278	2	1	30	10	6.00	16	-9	35.00	275.00	165.00	8.00	-9	4	-9	-9	2	-9	-9	2	-9
279	2	1	18	10	6.00	1	-9	25.00	-9.00	-9.00	8.00	5	4	-9	-9	-9	-9	-9	-9	-9
280	2	1	19	10	6.00	5	-9	35.00	332.00	-9.00	-9.00	-9	4	-9	-9	-9	-9	-9	1	-9
281	2	1	30	10	6.00	26	-9	50.00	500.00	-9.00	20.00	1	4	-9	1	2	-9	-9	-9	-9
282	2	1	20	10	6.00	4	-9	30.00	200.00	120.00	9.00	-9	4	-9	-9	2	-9	-9	2	-9
283	2	1	27	10	6.00	7	-9	36.00	96.00	70.00	-8.00	-9	4	-9	-9	-9	-9	-9	2	-9
284	2	1	20	10	6.00	1	-9	30.00	-9.00	80.00	6.67	-9	4	-9	-9	-9	-9	-9	2	-9
285	2	1	20	10	-9.00	4	-9	25.00	75.00	-9.00	-8.00	-9	4	-9	-9	-9	-9	-9	2	-9
286	2	1	21	10	8.00	9	-9	35.00	300.00	-9.00	7.00	-9	4	-9	-9	2	-9	-9	2	-9
287	2	1	18	10	6.00	3	-9	35.00	105.00	-9.00	10.00	-9	4	-9	-9	2	-9	-9	-9	-9
288	2	1	21	10	6.00	2	-9	35.00	268.00	-9.00	8.00	-9	4	-9	-9	2	-9	-9	2	2
289	2	1	24	10	6.00	10	-9	35.00	295.00	100.00	10.00	8	4	-9	-9	2	-9	-9	4	-9
290	2	1	21	10	6.00	12	-9	35.00	315.00	315.00	-9.00	2	4	-9	-9	-9	-9	-9	1	-9
291	2	1	29	10	6.00	33	-9	55.00	475.00	-9.00	17.00	5	4	-9	-9	2	2	-9	2	-9
292	2	1	16	10	6.00	2	-9	40.00	75.00	-9.00	11.00	-9	4	-9	-9	-9	-9	-9	2	-9
293	2	1	19	10	6.00	4	-9	28.00	81.00	-9.00	9.00	-9	2	-9	-9	-9	2	-9	2	-9
294	2	1	20	10	6.00	3	-9	35.00	215.00	-9.00	8.00	1	4	2	-9	2	-9	-9	2	-9
295	2	1	47	10	6.00	46	-9	45.00	300.00	380.00	-9.00	5	4	-9	-9	2	2	-9	2	-9
296	2	1	19	10	7.00	5	-9	30.00	200.00	75.00	7.00	-9	2	-9	-9	2	-9	-9	2	-9
297	2	1	34	10	8.00	29	-9	40.00	265.00	50.00	8.00	1	2	-9	-9	2	2	4	2	-9
298	2	1	19	10	6.00	3	-9	25.00	175.00	-9.00	8.00	-9	4	-9	-9	-9	-9	-9	2	-9
299	2	1	19	10	7.00	8	-9	25.00	200.00	60.00	7.00	-9	2	-9	-9	2	-9	-9	2	-9
300	2	1	29	10	6.00	24	-9	40.00	360.00	166.00	-8.00	3	5	-9	-9	2	-9	-9	2	-9
301	2	1	21	10	7.00	6	-9	35.00	315.00	-9.00	-8.00	-9	2	-9	-9	2	-9	-9	2	-9
302	2	1	23	10	6.00	8	-9	30.00	270.00	200.00	9.00	-9	4	-9	-9	2	-9	-9	2	-9
303	2	1	24	10	6.00	5	-9	30.00	225.00	215.00	10.00	1	4	-9	-9	2	-9	-9	1	2
304	2	1	19	10	8.00	1	-9	20.00	60.00	-9.00	-6.00	-9	4	-9	-9	2	-9	-9	2	-9
305	2	1	30	10	6.00	30	-9	28.00	206.00	200.00	8.00	1	4	-9	-9	2	-9	-9	2	-9
306	2	1	24	10	6.00	13	-9	40.00	300.00	50.00	8.00	-9	4	-9	-9	2	-9	-9	2	-9
307	2	1	24	10	6.00	12	-9	37.50	282.00	-9.00	10.00	-9	4	-9	-9	2	-9	-9	2	-9
308	2	1	18	10	6.00	2	-9	20.00	68.00	93.00	6.00	-9	2	-9	-9	2	-9	-9	2	-9
309	2	1	22	10	5.00	10	2	30.00	270.00	-9.00	8.00	5	2	-9	-9	-9	2	-9	2	-9
310	2	1	25	10	6.00	1	-9	35.00	-9.00	-9.00	-9.00	-9	6	-9	-9	-9	-9	-9	2	-9
311	2	1	20	10	7.00	4	-9	-9.00	220.00	200.00	8.00	-9	2	-9	-9	2	-9	-9	2	-9
312	2	1	20	10	8.00	4	-9	-9.00	150.00	95.00	-7.00	-9	5	-9	-9	2	-9	-9	2	-9
313	2	1	29	10	6.00	3	-9	-9.00	233.00	73.00	-8.00	-9	2	-9	-9	2	-9	-9	2	-9
314	2	1	18	10	6.00	1	-9	30.00	105.00	50.00	10.00	-9	4	-9	-9	-9	2	-9	2	-9
315	2	1	18	10	6.00	-8	-9	35.00	-9.00	300.00	16.00	-9	4	-9	-9	-9	-9	-9	2	-9
316	2	1	33	10	8.00	20	-9	35.00	384.00	200.00	10.00	3	4	-9	-9	2	-9	-9	2	2
317	2	1	40	10	6.00	52	2	45.00	390.00	39.00	32.00	-9	4	-9	2	2	-9	-9	2	-9
318	2	1	28	10	6.00	31	-9	40.00	360.00	360.00	16.00	2	4	-9	-9	2	-9	-9	2	2
319	2	1	20	10	6.00	4	-9	25.00	100.00	-9.00	8.00	-9	2	-9	-9	-9	-9	-9	2	-9
320	2	1	21	10	6.00	7	-9	35.00	238.00	150.00	8.00	3	2	-9	-9	2	-9	-9	2	-9
321	2	1	22	10	6.00	11	-9	30.00	295.00	100.00	8.00	7	4	-9	-9	-9	-9	-9	2	-9
322	2	1	22	10	5.50	10	-9	27.50	215.00	200.00	10.00	-9	4	-9	-9	2	-9	-9	2	-9
323	2	1	17	10	7.00	1	-9	38.00	-9.00	175.00	9.00	-9	4	-9	-9	-9	2	-9	2	-9
324	2	1	19	10	7.00	2	-9	35.00	-9.00	150.00	10.00	-9	2	-9	-9	-9	-9	-9	2	-9
325	2	1	26	10	6.00	7	-9	30.00	295.00	120.00	10.00	-9	4	-9	-9	-9	-9	-9	2	-9
326	2	1	19	5	6.00	4	-9	28.00	100.00	-9.00	8.00	-9	2	-9	-9	-9	2	-9	2	-9
327	2	3	40	10	8.00	25	-9	100.00	1200.00	-9.00	16.00	3	5	-9	3	2	-9	-9	2	2
328	2	1	20	10	6.00	5	2	35.00	315.00	-9.00	-8.00	-9	4	-9	-9	2	-9	-9	2	-9
329	2	1	18	10	6.00	3	-9	32.00	-9.00	-9.00	10.00	6	2	-9	-9	-9	-9	-9	2	-9
330	2	1	23	10	6.00	4	-9	32.00	120.00	-9.00	8.00	-9	4	-9	-9	-9	-9	-9	2	-9
331	2	1	26	10	6.00	11	2	40.00	440.00	350.00	4.00	-9	4	-9	-9	2	-9	-9	2	-9
332	2	3	28	10	8.00	15	-9	-9.00	640.00	400.00	10.00	-9	5	-9	-9	2	-9	-9	2	-9
333	2	1	23	10	6.00	3	-9	36.00	332.00	-9.00	-9.00	-9	4	-9	-9	2	-9	-9	2	-9
334	2	1	28	10	6.00	15	-9	35.00	255.00	175.00	9.00	-9	2	-9	-9	2	-9	-9	2	-9
335	2	1	18	10	7.00	1	-9	28.00	-9.00	-9.00	-9.00	-9	4	-9	-9	2	-9	-9	2	-9
336	2	1	21	10	6.00	7	-9	25.00	176.00	100.00	-9.00	-9	2	-9	-9	-9	-9	-9	2	-9
337	2	1	20	10	7.00	6	-9	37.00	189.00	140.00	10.00	-9	4	-9	-9	2	-9	-9	2	-9
338	2	1	19	10	6.00	2	-9	28.00	-9.00	36.00	8.00	-9	2	-9	-9	2	-9	-9	2	-9
339	2	1	25	10	6.00	8	-9	33.00	264.00	-9.00	-8.00	2	4	-9	-9	2	2	-9	2	-9
340	2	1	25	10	6.00	8	-9	28.00	97.50	-9.00	7.50	-9	2	-9	-9	2	-9	-9	2	-9
341	2	1	23	10	8.00	10	-9	40.00	300.00	105.00	5.00	1	4	-9	-9	-9	-9	-9	2	-9
342	2	1	21	10	6.00	9	-9	35.00	277.50	-9.00	-8.00	4	4	-9	-9	2	-9	-9	2	-9
343	2	1	22	10	7.00	2	-9	20.00	120.00	-9.00	8.00	-9	2	-9	-9	2	-9	-9	2	-9
344	2	1	23	10	6.00	11	-9	33.50	175.00	85.00	6.60	-9	2	-9	-9	2	-9	-9	2	-9
345	2	1	21	10	6.00	7	-9	28.00	174.00	-9.00	-8.00	-9	2	-9	-9	2	-9	-9	2	-9
346	2	1	17	10	7.00	-8	-9	30.00	223.00	50.00	-8.00	-9	4	-9	-9	-9	2	-9	2	-9
347	2	1	37	10	6.00	17	-9	33.00	250.00	-9.00	8.50	-9	4	-9	-9	2	-9	-9	2	-9
