 0.000001928
 0.000001635
 0.000001490
 0.000001578
 0.000001443
 0.000001415
 0.000001530
 0.000001401
 0.000001375
 0.000001354
 0.000001495
 0.000001373
 0.000001347
 0.000001326
 0.000001311
 0.000001457
 0.000001338
 0.000001314
 0.000001300
 0.000001276
 0.000001275
 0.000001413
 0.000001299
 0.000001280
 0.000001268
 0.000001246
 0.000001244
 0.000001239
 0.000001379
 0.000001267
 0.000001244
 0.000001229
 0.000001209
 0.000001205
 0.000001194
 0.000001167
 0.000001635
 0.000001671
 0.000001625
 0.000001585
 0.000001556
 0.000001501
 0.000001536
 0.000001509
 0.000001462
 0.000001436
 0.000001506
 0.000001481
 0.000001436
 0.000001411
 0.000001397
 0.000001466
 0.000001442
 0.000001402
 0.000001383
 0.000001363
 0.000001356
 0.000001423
 0.000001401
 0.000001367
 0.000001350
 0.000001332
 0.000001327
 0.000001315
 0.000001386
 0.000001369
 0.000001331
 0.000001311
 0.000001293
 0.000001287
 0.000001271
 0.000001241
 0.000001490
 0.000001625
 0.000001846
 0.000001528
 0.000001691
 0.000001616
 0.000001480
 0.000001630
 0.000001560
 0.000001538
 0.000001453
 0.000001600
 0.000001534
 0.000001508
 0.000001498
 0.000001412
 0.000001553
 0.000001495
 0.000001472
 0.000001458
 0.000001448
 0.000001373
 0.000001510
 0.000001458
 0.000001436
 0.000001423
 0.000001414
 0.000001403
 0.000001339
 0.000001474
 0.000001416
 0.000001393
 0.000001380
 0.000001372
 0.000001353
 0.000001326
 0.000001578
 0.000001585
 0.000001528
 0.000001696
 0.000001625
 0.000001688
 0.000001607
 0.000001550
 0.000001610
 0.000001550
 0.000001570
 0.000001518
 0.000001579
 0.000001522
 0.000001501
 0.000001529
 0.000001481
 0.000001544
 0.000001494
 0.000001469
 0.000001460
 0.000001488
 0.000001443
 0.000001506
 0.000001462
 0.000001437
 0.000001431
 0.000001418
 0.000001448
 0.000001407
 0.000001464
 0.000001419
 0.000001395
 0.000001390
 0.000001375
 0.000001343
 0.000001443
 0.000001556
 0.000001691
 0.000001625
 0.000001786
 0.000001831
 0.000001548
 0.000001688
 0.000001733
 0.000001669
 0.000001517
 0.000001655
 0.000001703
 0.000001639
 0.000001620
 0.000001477
 0.000001612
 0.000001664
 0.000001605
 0.000001583
 0.000001571
 0.000001439
 0.000001570
 0.000001621
 0.000001567
 0.000001546
 0.000001537
 0.000001522
 0.000001402
 0.000001529
 0.000001574
 0.000001520
 0.000001499
 0.000001492
 0.000001472
 0.000001442
 0.000001415
 0.000001501
 0.000001616
 0.000001688
 0.000001831
 0.000002170
 0.000001578
 0.000001702
 0.000001949
 0.000001842
 0.000001543
 0.000001667
 0.000001904
 0.000001801
 0.000001780
 0.000001505
 0.000001627
 0.000001860
 0.000001762
 0.000001736
 0.000001726
 0.000001469
 0.000001585
 0.000001810
 0.000001720
 0.000001696
 0.000001687
 0.000001675
 0.000001427
 0.000001541
 0.000001755
 0.000001669
 0.000001644
 0.000001640
 0.000001619
 0.000001592
 0.000001530
 0.000001536
 0.000001480
 0.000001607
 0.000001548
 0.000001578
 0.000001701
 0.000001629
 0.000001654
 0.000001692
 0.000001635
 0.000001571
 0.000001600
 0.000001640
 0.000001594
 0.000001595
 0.000001536
 0.000001569
 0.000001618
 0.000001566
 0.000001564
 0.000001553
 0.000001497
 0.000001533
 0.000001579
 0.000001531
 0.000001530
 0.000001515
 0.000001510
 0.000001458
 0.000001490
 0.000001534
 0.000001486
 0.000001486
 0.000001470
 0.000001435
 0.000001401
 0.000001509
 0.000001630
 0.000001550
 0.000001688
 0.000001702
 0.000001629
 0.000001786
 0.000001784
 0.000001825
 0.000001571
 0.000001718
 0.000001726
 0.000001765
 0.000001718
 0.000001533
 0.000001674
 0.000001688
 0.000001735
 0.000001684
 0.000001677
 0.000001495
 0.000001630
 0.000001647
 0.000001692
 0.000001645
 0.000001640
 0.000001621
 0.000001454
 0.000001587
 0.000001600
 0.000001641
 0.000001594
 0.000001591
 0.000001571
 0.000001536
 0.000001375
 0.000001462
 0.000001560
 0.000001610
 0.000001733
 0.000001949
 0.000001654
 0.000001784
 0.000002012
 0.000002015
 0.000001596
 0.000001721
 0.000001937
 0.000001943
 0.000001890
 0.000001560
 0.000001682
 0.000001891
 0.000001909
 0.000001853
 0.000001847
 0.000001526
 0.000001640
 0.000001845
 0.000001864
 0.000001813
 0.000001809
 0.000001791
 0.000001483
 0.000001596
 0.000001792
 0.000001810
 0.000001759
 0.000001759
 0.000001738
 0.000001706
 0.000001354
 0.000001436
 0.000001538
 0.000001550
 0.000001669
 0.000001842
 0.000001692
 0.000001825
 0.000002015
 0.000002300
 0.000001612
 0.000001735
 0.000001915
 0.000002143
 0.000002058
 0.000001584
 0.000001701
 0.000001879
 0.000002104
 0.000002016
 0.000002024
 0.000001547
 0.000001660
 0.000001836
 0.000002047
 0.000001964
 0.000001971
 0.000001952
 0.000001503
 0.000001613
 0.000001783
 0.000001989
 0.000001906
 0.000001915
 0.000001894
 0.000001866
 0.000001495
 0.000001506
 0.000001453
 0.000001570
 0.000001517
 0.000001543
 0.000001635
 0.000001571
 0.000001596
 0.000001612
 0.000001724
 0.000001649
 0.000001669
 0.000001682
 0.000001737
 0.000001644
 0.000001580
 0.000001606
 0.000001628
 0.000001675
 0.000001643
 0.000001597
 0.000001537
 0.000001566
 0.000001587
 0.000001632
 0.000001604
 0.000001585
 0.000001554
 0.000001496
 0.000001522
 0.000001540
 0.000001586
 0.000001558
 0.000001539
 0.000001503
 0.000001373
 0.000001481
 0.000001600
 0.000001518
 0.000001655
 0.000001667
 0.000001571
 0.000001718
 0.000001721
 0.000001735
 0.000001649
 0.000001812
 0.000001805
 0.000001812
 0.000001875
 0.000001578
 0.000001731
 0.000001734
 0.000001751
 0.000001807
 0.000001769
 0.000001535
 0.000001683
 0.000001688
 0.000001706
 0.000001761
 0.000001727
 0.000001704
 0.000001492
 0.000001638
 0.000001638
 0.000001652
 0.000001705
 0.000001673
 0.000001649
 0.000001611
 0.000001347
 0.000001436
 0.000001534
 0.000001579
 0.000001703
 0.000001904
 0.000001600
 0.000001726
 0.000001937
 0.000001915
 0.000001669
 0.000001805
 0.000002034
 0.000002001
 0.000002067
 0.000001602
 0.000001732
 0.000001950
 0.000001933
 0.000001996
 0.000001956
 0.000001563
 0.000001686
 0.000001898
 0.000001886
 0.000001949
 0.000001912
 0.000001891
 0.000001518
 0.000001639
 0.000001842
 0.000001829
 0.000001890
 0.000001857
 0.000001834
 0.000001799
 0.000001326
 0.000001411
 0.000001508
 0.000001522
 0.000001639
 0.000001801
 0.000001640
 0.000001765
 0.000001943
 0.000002143
 0.000001682
 0.000001812
 0.000002001
 0.000002213
 0.000002251
 0.000001621
 0.000001747
 0.000001930
 0.000002135
 0.000002174
 0.000002138
 0.000001581
 0.000001702
 0.000001884
 0.000002074
 0.000002114
 0.000002081
 0.000002059
 0.000001535
 0.000001652
 0.000001828
 0.000002013
 0.000002050
 0.000002020
 0.000001998
 0.000001963
 0.000001311
 0.000001397
 0.000001498
 0.000001501
 0.000001620
 0.000001780
 0.000001594
 0.000001718
 0.000001890
 0.000002058
 0.000001737
 0.000001875
 0.000002067
 0.000002251
 0.000002566
 0.000001644
 0.000001777
 0.000001965
 0.000002143
 0.000002392
 0.000002315
 0.000001600
 0.000001729
 0.000001916
 0.000002081
 0.000002316
 0.000002241
 0.000002221
 0.000001553
 0.000001676
 0.000001856
 0.000002015
 0.000002240
 0.000002169
 0.000002145
 0.000002108
 0.000001457
 0.000001466
 0.000001412
 0.000001529
 0.000001477
 0.000001505
 0.000001595
 0.000001533
 0.000001560
 0.000001584
 0.000001644
 0.000001578
 0.000001602
 0.000001621
 0.000001644
 0.000001760
 0.000001676
 0.000001698
 0.000001724
 0.000001740
 0.000001827
 0.000001676
 0.000001603
 0.000001631
 0.000001655
 0.000001672
 0.000001764
 0.000001718
 0.000001624
 0.000001556
 0.000001581
 0.000001603
 0.000001620
 0.000001710
 0.000001666
 0.000001620
 0.000001338
 0.000001442
 0.000001553
 0.000001481
 0.000001612
 0.000001627
 0.000001536
 0.000001674
 0.000001682
 0.000001701
 0.000001580
 0.000001731
 0.000001732
 0.000001747
 0.000001777
 0.000001676
 0.000001841
 0.000001834
 0.000001853
 0.000001878
 0.000001963
 0.000001604
 0.000001757
 0.000001758
 0.000001778
 0.000001804
 0.000001893
 0.000001839
 0.000001554
 0.000001706
 0.000001704
 0.000001721
 0.000001745
 0.000001834
 0.000001781
 0.000001733
 0.000001314
 0.000001402
 0.000001495
 0.000001544
 0.000001664
 0.000001860
 0.000001569
 0.000001688
 0.000001891
 0.000001879
 0.000001606
 0.000001734
 0.000001950
 0.000001930
 0.000001965
 0.000001698
 0.000001834
 0.000002073
 0.000002051
 0.000002078
 0.000002173
 0.000001631
 0.000001758
 0.000001983
 0.000001970
 0.000002000
 0.000002101
 0.000002046
 0.000001581
 0.000001706
 0.000001924
 0.000001910
 0.000001938
 0.000002039
 0.000001985
 0.000001940
 0.000001300
 0.000001383
 0.000001472
 0.000001494
 0.000001605
 0.000001762
 0.000001618
 0.000001735
 0.000001909
 0.000002104
 0.000001628
 0.000001751
 0.000001933
 0.000002135
 0.000002143
 0.000001724
 0.000001853
 0.000002051
 0.000002284
 0.000002275
 0.000002384
 0.000001656
 0.000001778
 0.000001971
 0.000002182
 0.000002180
 0.000002296
 0.000002236
 0.000001604
 0.000001724
 0.000001911
 0.000002115
 0.000002111
 0.000002226
 0.000002169
 0.000002120
 0.000001276
 0.000001363
 0.000001458
 0.000001469
 0.000001583
 0.000001736
 0.000001566
 0.000001684
 0.000001853
 0.000002016
 0.000001675
 0.000001807
 0.000001996
 0.000002174
 0.000002392
 0.000001740
 0.000001878
 0.000002078
 0.000002275
 0.000002500
 0.000002567
 0.000001670
 0.000001801
 0.000001996
 0.000002175
 0.000002382
 0.000002459
 0.000002395
 0.000001617
 0.000001743
 0.000001934
 0.000002105
 0.000002301
 0.000002381
 0.000002317
 0.000002266
 0.000001275
 0.000001356
 0.000001448
 0.000001460
 0.000001571
 0.000001726
 0.000001564
 0.000001677
 0.000001847
 0.000002024
 0.000001643
 0.000001769
 0.000001956
 0.000002138
 0.000002315
 0.000001827
 0.000001963
 0.000002173
 0.000002384
 0.000002567
 0.000002964
 0.000001737
 0.000001863
 0.000002068
 0.000002260
 0.000002425
 0.000002760
 0.000002659
 0.000001678
 0.000001802
 0.000002001
 0.000002183
 0.000002341
 0.000002655
 0.000002555
 0.000002488
 0.000001413
 0.000001423
 0.000001373
 0.000001488
 0.000001439
 0.000001469
 0.000001553
 0.000001495
 0.000001526
 0.000001547
 0.000001597
 0.000001535
 0.000001563
 0.000001581
 0.000001600
 0.000001676
 0.000001604
 0.000001631
 0.000001656
 0.000001670
 0.000001737
 0.000001785
 0.000001694
 0.000001719
 0.000001739
 0.000001754
 0.000001820
 0.000001886
 0.000001691
 0.000001612
 0.000001637
 0.000001658
 0.000001674
 0.000001739
 0.000001813
 0.000001741
 0.000001299
 0.000001401
 0.000001510
 0.000001443
 0.000001570
 0.000001585
 0.000001497
 0.000001630
 0.000001640
 0.000001660
 0.000001537
 0.000001683
 0.000001686
 0.000001702
 0.000001729
 0.000001603
 0.000001757
 0.000001758
 0.000001778
 0.000001801
 0.000001863
 0.000001694
 0.000001860
 0.000001852
 0.000001866
 0.000001889
 0.000001948
 0.000002015
 0.000001609
 0.000001766
 0.000001760
 0.000001776
 0.000001798
 0.000001859
 0.000001928
 0.000001851
 0.000001280
 0.000001367
 0.000001458
 0.000001506
 0.000001621
 0.000001810
 0.000001533
 0.000001647
 0.000001845
 0.000001836
 0.000001566
 0.000001688
 0.000001898
 0.000001884
 0.000001916
 0.000001631
 0.000001758
 0.000001983
 0.000001971
 0.000001996
 0.000002068
 0.000001719
 0.000001852
 0.000002097
 0.000002072
 0.000002098
 0.000002167
 0.000002246
 0.000001637
 0.000001763
 0.000001992
 0.000001974
 0.000002000
 0.000002072
 0.000002151
 0.000002073
 0.000001268
 0.000001350
 0.000001436
 0.000001462
 0.000001567
 0.000001720
 0.000001579
 0.000001692
 0.000001864
 0.000002047
 0.000001587
 0.000001706
 0.000001886
 0.000002074
 0.000002081
 0.000001655
 0.000001778
 0.000001970
 0.000002182
 0.000002175
 0.000002260
 0.000001739
 0.000001866
 0.000002072
 0.000002296
 0.000002288
 0.000002367
 0.000002458
 0.000001658
 0.000001780
 0.000001975
 0.000002188
 0.000002182
 0.000002263
 0.000002355
 0.000002271
 0.000001246
 0.000001332
 0.000001423
 0.000001437
 0.000001546
 0.000001696
 0.000001531
 0.000001645
 0.000001813
 0.000001964
 0.000001632
 0.000001761
 0.000001949
 0.000002114
 0.000002316
 0.000001672
 0.000001804
 0.000002000
 0.000002180
 0.000002382
 0.000002425
 0.000001754
 0.000001889
 0.000002098
 0.000002288
 0.000002511
 0.000002541
 0.000002642
 0.000001673
 0.000001800
 0.000002000
 0.000002180
 0.000002385
 0.000002424
 0.000002525
 0.000002434
 0.000001244
 0.000001327
 0.000001414
 0.000001431
 0.000001537
 0.000001687
 0.000001530
 0.000001640
 0.000001809
 0.000001971
 0.000001604
 0.000001727
 0.000001912
 0.000002081
 0.000002241
 0.000001764
 0.000001893
 0.000002101
 0.000002296
 0.000002459
 0.000002760
 0.000001820
 0.000001948
 0.000002167
 0.000002367
 0.000002541
 0.000002859
 0.000002923
 0.000001734
 0.000001857
 0.000002066
 0.000002255
 0.000002418
 0.000002711
 0.000002777
 0.000002666
 0.000001239
 0.000001315
 0.000001403
 0.000001418
 0.000001522
 0.000001675
 0.000001515
 0.000001621
 0.000001791
 0.000001952
 0.000001585
 0.000001704
 0.000001891
 0.000002059
 0.000002221
 0.000001718
 0.000001839
 0.000002046
 0.000002236
 0.000002395
 0.000002659
 0.000001886
 0.000002015
 0.000002246
 0.000002458
 0.000002642
 0.000002923
 0.000003346
 0.000001782
 0.000001899
 0.000002115
 0.000002315
 0.000002484
 0.000002739
 0.000003089
 0.000002938
 0.000001379
 0.000001386
 0.000001339
 0.000001448
 0.000001402
 0.000001427
 0.000001510
 0.000001454
 0.000001483
 0.000001503
 0.000001554
 0.000001492
 0.000001518
 0.000001535
 0.000001553
 0.000001624
 0.000001554
 0.000001581
 0.000001604
 0.000001617
 0.000001678
 0.000001691
 0.000001609
 0.000001637
 0.000001658
 0.000001673
 0.000001734
 0.000001782
 0.000001758
 0.000001664
 0.000001686
 0.000001701
 0.000001715
 0.000001771
 0.000001816
 0.000001840
 0.000001267
 0.000001369
 0.000001474
 0.000001407
 0.000001529
 0.000001541
 0.000001458
 0.000001587
 0.000001596
 0.000001613
 0.000001496
 0.000001638
 0.000001639
 0.000001652
 0.000001676
 0.000001556
 0.000001706
 0.000001706
 0.000001724
 0.000001743
 0.000001802
 0.000001612
 0.000001766
 0.000001763
 0.000001780
 0.000001800
 0.000001857
 0.000001899
 0.000001664
 0.000001834
 0.000001821
 0.000001828
 0.000001846
 0.000001898
 0.000001936
 0.000001958
 0.000001244
 0.000001331
 0.000001416
 0.000001464
 0.000001574
 0.000001755
 0.000001490
 0.000001600
 0.000001792
 0.000001783
 0.000001522
 0.000001638
 0.000001842
 0.000001828
 0.000001856
 0.000001581
 0.000001704
 0.000001924
 0.000001911
 0.000001934
 0.000002001
 0.000001637
 0.000001760
 0.000001992
 0.000001975
 0.000002000
 0.000002066
 0.000002115
 0.000001686
 0.000001821
 0.000002067
 0.000002038
 0.000002059
 0.000002120
 0.000002164
 0.000002200
 0.000001229
 0.000001311
 0.000001393
 0.000001419
 0.000001520
 0.000001669
 0.000001534
 0.000001641
 0.000001810
 0.000001989
 0.000001540
 0.000001652
 0.000001829
 0.000002013
 0.000002015
 0.000001603
 0.000001721
 0.000001910
 0.000002115
 0.000002105
 0.000002183
 0.000001658
 0.000001776
 0.000001974
 0.000002188
 0.000002180
 0.000002255
 0.000002315
 0.000001701
 0.000001828
 0.000002038
 0.000002266
 0.000002248
 0.000002314
 0.000002369
 0.000002409
 0.000001209
 0.000001293
 0.000001380
 0.000001395
 0.000001499
 0.000001644
 0.000001486
 0.000001594
 0.000001759
 0.000001906
 0.000001586
 0.000001705
 0.000001890
 0.000002050
 0.000002240
 0.000001620
 0.000001745
 0.000001938
 0.000002111
 0.000002301
 0.000002341
 0.000001674
 0.000001798
 0.000002000
 0.000002182
 0.000002385
 0.000002418
 0.000002484
 0.000001715
 0.000001846
 0.000002059
 0.000002248
 0.000002462
 0.000002482
 0.000002541
 0.000002586
 0.000001205
 0.000001287
 0.000001372
 0.000001390
 0.000001492
 0.000001640
 0.000001486
 0.000001591
 0.000001759
 0.000001915
 0.000001558
 0.000001673
 0.000001857
 0.000002020
 0.000002169
 0.000001710
 0.000001834
 0.000002039
 0.000002226
 0.000002381
 0.000002655
 0.000001739
 0.000001859
 0.000002072
 0.000002263
 0.000002424
 0.000002711
 0.000002739
 0.000001771
 0.000001898
 0.000002120
 0.000002314
 0.000002482
 0.000002774
 0.000002789
 0.000002820
 0.000001194
 0.000001271
 0.000001353
 0.000001375
 0.000001472
 0.000001619
 0.000001470
 0.000001571
 0.000001738
 0.000001894
 0.000001539
 0.000001649
 0.000001834
 0.000001998
 0.000002145
 0.000001666
 0.000001781
 0.000001985
 0.000002169
 0.000002317
 0.000002555
 0.000001813
 0.000001928
 0.000002151
 0.000002355
 0.000002525
 0.000002777
 0.000003089
 0.000001816
 0.000001936
 0.000002164
 0.000002369
 0.000002541
 0.000002789
 0.000003115
 0.000003104
 0.000001167
 0.000001241
 0.000001326
 0.000001343
 0.000001442
 0.000001592
 0.000001435
 0.000001536
 0.000001706
 0.000001866
 0.000001503
 0.000001611
 0.000001799
 0.000001963
 0.000002108
 0.000001620
 0.000001733
 0.000001940
 0.000002120
 0.000002266
 0.000002488
 0.000001741
 0.000001851
 0.000002073
 0.000002271
 0.000002434
 0.000002666
 0.000002938
 0.000001840
 0.000001958
 0.000002200
 0.000002409
 0.000002586
 0.000002820
 0.000003104
 0.000003382
